14.993	0
34.721	508
34.903	8700
34.953	14480
50.052	17376
50.168	21720
50.875	27512
50.925	31856
65.566	37648
65.672	45840
65.714	46336
65.728	47784
66.543	49232
80.836	55024
80.969	62264
81.029	65160
81.954	69504
82.118	73848
97.550	81088
97.638	83984
97.663	85432
97.710	86880
97.744	88328
98.599	89776
98.624	91224
98.679	92672
98.714	95568
99.842	98464
111.810	101360
111.924	104256
112.340	107152
112.387	111496
112.412	112944
112.526	118736
112.572	120184
113.845	121632
113.868	124528
113.898	128872
127.301	130320
127.358	131768
128.264	134664
128.336	142856
128.412	146248
128.443	147696
128.894	152040
128.949	153488
128.980	154936
129.051	157832
129.145	160728
129.223	162176
129.249	163624
129.276	165072
129.302	166520
129.364	169416
129.416	170864
129.481	172312
129.507	173760
131.008	176656
131.118	179552
131.144	183896
145.362	191136
145.485	195480
145.576	198376
145.652	204168
146.276	205640
