15.209	0
36.157	498
36.465	5792
36.538	13984
36.568	14480
52.236	17376
52.324	25568
52.387	31856
54.766	33304
69.826	34752
69.896	42944
70.025	51136
70.087	56472
86.511	57920
86.609	65160
86.637	66608
86.658	68056
86.816	72400
86.888	75296
87.014	76744
87.038	78192
87.102	79640
87.141	81088
101.437	82536
101.517	85432
102.418	89776
102.484	94120
102.525	95568
102.640	98464
102.861	101360
102.904	104256
102.950	107152
103.019	110048
103.040	112944
103.061	115840
103.091	117288
117.884	123080
117.993	124528
118.080	127424
118.113	130320
118.151	133216
118.266	134664
118.298	137560
118.325	139008
118.370	140456
118.420	141904
118.466	144800
118.504	146248
118.573	147696
118.601	149144
118.670	152040
118.694	153488
118.761	154936
134.080	157832
134.171	166024
134.220	170864
134.291	173760
134.334	175208
134.353	178104
134.410	179552
134.507	182448
134.583	185344
134.768	188240
134.795	191136
134.857	192584
134.877	194032
134.912	195480
134.986	198376
135.020	199824
151.500	202720
151.579	205630
