14.918	0
33.527	508
33.739	4344
33.813	8688
33.851	11584
33.943	14480
49.163	20272
49.247	24616
49.270	26064
49.314	27512
49.362	28960
64.076	31856
64.172	40048
64.243	47784
64.930	50680
65.008	52128
79.050	53576
79.124	61768
79.216	66608
79.308	69504
79.358	75296
79.576	78192
79.612	81088
94.291	86880
94.420	94120
95.195	97016
95.353	104256
95.490	110048
95.547	111496
95.867	114392
95.900	120184
109.769	121632
110.971	124528
111.883	127424
111.920	130320
111.950	131768
112.006	133216
112.026	134664
112.050	136112
112.418	140456
112.469	144800
112.492	146248
113.132	153488
113.183	160728
124.210	163624
125.264	165072
125.326	169416
125.390	170864
127.323	176656
127.433	181000
127.479	182448
127.944	185344
128.938	188240
128.974	196432
129.007	198376
129.112	202720
129.697	205616
129.723	205640
