15.231	0
34.957	508
35.168	8700
35.236	14480
51.094	17376
51.204	25568
51.256	26064
51.773	28960
51.847	31856
67.672	34752
67.783	41992
67.844	44888
67.873	46336
68.324	47784
68.349	49232
68.412	50680
68.454	52128
68.495	53576
68.529	55024
83.157	63216
83.299	68056
83.341	70952
84.254	75296
84.344	76744
84.912	78192
84.938	82536
84.970	83984
97.836	89776
97.961	92672
98.002	95568
98.057	98464
98.101	99912
99.083	102808
100.163	105704
100.242	108600
100.298	110048
100.343	112944
100.406	114392
100.441	117288
101.404	118736
114.176	120184
114.256	127424
114.404	130320
114.448	133216
115.827	136112
115.877	144304
115.909	146248
116.667	152040
116.789	160232
116.839	162176
116.925	165072
116.998	167968
129.772	170864
129.851	173760
132.572	179552
132.666	185344
133.318	186792
133.395	189688
134.819	195480
134.922	203672
134.996	204168
135.017	205640
