15.612	0
36.367	498
36.700	7240
39.157	10136
39.230	14480
55.398	18824
55.475	27016
55.523	34752
72.009	41992
73.360	50184
73.438	55024
87.618	60816
88.175	66608
88.291	70952
88.321	72400
88.366	73848
101.882	75296
102.686	81088
102.757	82536
102.788	83984
104.659	91224
104.775	95568
104.824	97016
104.868	98464
104.911	99912
104.986	102808
105.099	104256
117.860	105704
117.920	107152
119.415	108600
120.030	112944
136.786	121136
136.874	129328
136.906	131768
153.659	139960
153.781	148152
153.855	156344
153.916	164536
153.977	172728
154.035	180920
154.093	189112
154.157	197304
154.215	205496
154.248	205630
