15.154	0
33.756	508
33.943	1448
34.097	4344
34.180	8688
34.244	13032
34.707	14480
50.011	21720
50.138	23168
50.158	28960
50.635	30408
64.799	31856
64.867	40048
64.956	46336
65.789	49232
65.839	50680
79.897	58872
79.984	62264
80.025	65160
80.103	66608
80.712	68056
80.737	70952
95.864	73848
95.920	75296
95.968	76744
96.009	78192
96.046	81088
96.089	83984
96.882	86880
96.920	95072
96.950	102808
114.693	108600
114.816	116792
114.866	117288
115.733	123080
115.781	131272
115.810	133216
129.897	136112
130.013	144304
130.064	144800
130.533	147696
130.585	150592
130.628	153488
132.467	161680
132.506	169872
132.548	173760
148.452	181952
148.562	190144
148.632	198336
148.694	205640
