15.622	0
35.214	508
35.503	7240
36.937	10136
67.181	18328
67.349	26520
67.413	34712
67.466	40544
67.520	43440
67.792	44888
81.744	46336
83.192	49232
83.268	55024
83.851	57920
96.890	60816
98.833	63712
98.930	66608
98.982	68056
99.348	70952
111.952	76744
114.747	79640
114.836	81088
115.313	82536
127.399	83984
127.469	89776
130.257	92672
130.335	95568
142.878	98464
142.917	104256
142.957	105704
145.928	108600
146.002	111496
158.907	114392
158.978	118736
159.035	121632
161.775	124528
161.855	125976
162.566	127424
175.283	130320
175.391	137560
178.387	140456
178.469	141904
179.187	143352
193.093	149144
193.209	153488
195.226	156384
195.302	157832
196.477	159280
213.147	162176
213.250	170368
213.299	170864
213.847	172312
228.241	180504
228.433	182448
228.479	185344
228.529	186792
245.231	189688
245.376	196928
245.425	198376
261.111	201272
261.239	205640
