15.207	0
35.242	498
35.403	1448
35.566	2896
35.607	8688
35.744	13032
35.787	14480
51.700	15928
51.746	20272
51.784	21720
51.799	23168
51.845	24616
51.906	26064
67.068	27512
67.115	31856
82.249	40048
82.317	48240
82.353	56432
82.379	59368
83.510	65160
97.070	66608
99.354	70952
100.751	73848
100.777	79640
114.103	82536
114.804	85432
115.972	86880
116.010	88328
117.309	89776
117.335	94120
118.627	97016
132.332	99912
132.373	101360
134.213	105704
135.513	111496
135.595	115840
146.242	117288
147.310	118736
151.691	124528
151.778	127424
152.450	130320
162.185	136112
162.267	137560
167.980	143352
193.771	151544
193.895	156384
218.259	164576
218.380	167968
225.800	170864
233.389	173760
233.466	175208
233.652	176656
242.248	179552
248.517	181000
249.226	182448
249.301	185344
257.722	188240
264.348	189688
264.908	191136
264.967	194032
272.803	196928
280.706	198376
303.752	205630
