16.098	0
36.906	498
37.230	8690
37.300	14480
53.074	17376
53.154	25568
53.195	31856
67.681	33304
67.782	34752
68.338	40544
68.460	44888
69.109	50680
69.211	53576
82.178	56472
83.200	60816
83.303	63712
83.704	66608
83.781	68056
84.827	69504
85.490	72400
85.536	80592
85.563	81088
103.550	85432
103.627	86880
104.174	88328
104.215	91224
104.243	94120
104.741	98464
104.812	101360
104.857	102808
105.477	108600
118.705	116792
118.844	121632
118.887	125976
120.040	131768
120.178	137560
121.397	143352
121.455	144800
122.480	150592
122.600	153488
122.637	154936
123.177	156384
123.237	159280
135.550	162176
135.652	170368
135.705	170864
135.937	176656
136.019	178104
136.375	179552
136.414	181000
137.687	183896
140.775	189688
140.871	197880
140.909	205630
