15.080	0
35.652	498
35.865	4344
36.067	11584
36.314	14480
52.422	17376
52.510	18824
53.375	20272
53.460	26064
53.527	31856
69.068	34752
69.155	36200
69.207	37648
69.254	43440
69.309	47784
70.700	50680
70.803	53576
85.246	56472
85.339	63712
85.394	66608
85.422	68056
86.370	69504
86.807	70952
86.894	73848
87.325	78192
100.504	81088
100.610	89280
100.668	97472
100.698	99912
101.590	101360
103.529	104256
103.614	112448
103.652	115840
115.885	118736
117.141	121632
117.262	129824
117.334	137560
117.954	139008
117.997	140456
118.199	141904
118.230	143352
118.270	144800
118.323	146248
118.352	149144
118.382	150592
118.442	152040
118.471	153488
118.518	154936
118.542	156384
118.567	157832
118.631	159280
131.563	162176
131.770	170368
131.824	170864
132.424	176656
132.565	179552
132.595	182448
132.679	186792
133.595	191136
133.639	192584
136.811	194032
136.924	202224
136.973	202720
146.756	205616
146.841	205630
