16.747	0
38.733	498
39.035	8690
39.096	14480
55.058	20272
56.282	23168
56.364	31360
56.401	31856
70.870	34752
70.929	37648
71.211	40544
72.154	43440
72.193	44888
72.362	52128
72.417	55024
86.764	60816
86.863	69008
86.928	70952
87.573	72400
91.453	75296
91.535	82536
102.105	86880
102.196	91224
102.275	94120
102.312	98464
104.196	101360
104.241	107152
105.834	108600
106.984	111496
107.020	114392
125.380	122584
125.456	130776
125.485	138968
125.513	147160
125.542	155352
125.569	163544
125.590	165072
133.361	166520
135.528	172312
135.618	178104
136.807	179552
137.902	182448
137.956	185344
137.988	186792
140.876	188240
140.902	191136
140.954	192584
148.051	194032
148.148	198376
148.655	199824
150.609	201272
150.708	205616
151.791	205630
