15.205	0
53.896	511
53.927	620
56.634	8812
56.692	17004
56.730	23168
68.885	26064
68.989	31856
84.129	34752
84.229	42944
84.281	43440
97.292	44888
100.494	46336
102.482	49232
102.532	53576
102.722	55024
115.794	56472
115.918	57920
117.822	60816
117.930	66608
130.917	69504
132.983	72400
133.040	78192
146.059	81088
148.235	83984
148.316	89776
161.068	92672
163.416	100864
163.535	101360
176.327	104256
178.633	107152
178.715	112944
191.587	115840
193.860	118736
193.917	124528
206.910	127424
209.065	130320
209.207	136112
222.299	139008
224.390	141904
224.475	143352
255.447	151544
255.577	159736
255.633	160728
255.946	163624
256.001	165072
270.639	172312
270.842	173760
286.223	178104
286.340	182448
297.333	183896
301.495	188240
301.653	191136
317.233	192584
332.668	200776
332.782	205616
347.838	208512
347.891	211408
363.152	217200
378.224	220096
378.272	225888
393.439	228784
393.520	234576
407.284	236024
408.590	238920
408.667	240368
422.461	241816
422.535	243264
423.637	246160
437.518	249056
437.621	251952
438.738	254848
452.926	257744
468.546	265936
468.653	269328
483.140	272224
484.313	275120
497.368	278016
499.580	280912
512.496	283808
514.726	286704
527.681	289600
529.868	292496
542.977	295392
545.117	298288
558.273	301184
560.338	304080
573.999	306976
576.337	309872
589.220	312768
589.306	315664
591.542	318560
605.293	324352
606.547	327248
617.283	328696
620.543	331592
620.596	333040
622.001	334488
622.075	335936
635.658	338832
637.095	343176
637.168	344624
650.985	346072
651.028	347520
652.054	348968
652.088	350892
